#after running all the data sets and filtering the information, this is the final data to be plotted 

zipcode|totalDogs|totalBigDogs|bigDogs/totalDogs|totalCrimes|PopulationCount|CrimesPerCapita|dogsPerCapita

10001 | 805 | 310 | 0.385093 | 2878 | 21102 | 0.136385 | 0.038148
10002 | 1052 | 360 | 0.342205 | 4440 | 81410 | 0.0545388 | 0.0129222
10003 | 1398 | 585 | 0.418455 | 8210 | 56024 | 0.146544 | 0.0249536
10004 | 119 | 44 | 0.369748 | 0 | 3089 | 0 | 0.0385238
10005 | 263 | 99 | 0.376426 | 1607 | 7135 | 0.225228 | 0.0368605
10007 | 182 | 55 | 0.302198 | 1847 | 6988 | 0.26431 | 0.0260446
10009 | 1941 | 722 | 0.371973 | 2813 | 61347 | 0.0458539 | 0.0316397
10010 | 1014 | 401 | 0.395464 | 3924 | 31834 | 0.123264 | 0.0318527
10011 | 1988 | 720 | 0.362173 | 5856 | 50984 | 0.11486 | 0.0389926
10012 | 775 | 376 | 0.485161 | 6014 | 24090 | 0.249647 | 0.032171
10013 | 647 | 334 | 0.516229 | 2488 | 27700 | 0.0898195 | 0.0233574
10014 | 1335 | 597 | 0.447191 | 3087 | 31959 | 0.0965925 | 0.0417723
10016 | 1164 | 448 | 0.38488 | 3690 | 54183 | 0.0681025 | 0.0214828
10017 | 365 | 134 | 0.367123 | 2432 | 16575 | 0.146727 | 0.0220211
10019 | 1302 | 497 | 0.38172 | 4295 | 42870 | 0.100187 | 0.0303709
10021 | 1321 | 478 | 0.361847 | 1228 | 43631 | 0.0281451 | 0.0302766
10022 | 953 | 345 | 0.362015 | 4929 | 31924 | 0.154398 | 0.0298521
10023 | 2099 | 842 | 0.401143 | 4284 | 60998 | 0.0702318 | 0.034411
10024 | 2156 | 977 | 0.453154 | 3241 | 59283 | 0.05467 | 0.0363679
10025 | 2675 | 1177 | 0.44 | 3848 | 94600 | 0.0406765 | 0.028277
10026 | 479 | 200 | 0.417537 | 3197 | 34003 | 0.0940211 | 0.014087
10027 | 789 | 330 | 0.418251 | 4460 | 59707 | 0.0746981 | 0.0132145
10028 | 1467 | 600 | 0.408998 | 2566 | 45141 | 0.0568441 | 0.0324982
10029 | 1467 | 559 | 0.38105 | 3574 | 76003 | 0.0470245 | 0.0193019
10030 | 277 | 131 | 0.472924 | 2411 | 26999 | 0.0892996 | 0.0102596
10031 | 564 | 245 | 0.434397 | 2707 | 56438 | 0.0479641 | 0.00999327
10032 | 634 | 281 | 0.443218 | 2559 | 57331 | 0.0446355 | 0.0110586
10033 | 664 | 283 | 0.426205 | 2821 | 53926 | 0.0523124 | 0.0123132
10034 | 604 | 263 | 0.43543 | 2200 | 38908 | 0.0565436 | 0.0155238
10035 | 497 | 201 | 0.404427 | 1470 | 33969 | 0.0432748 | 0.014631
10036 | 1020 | 389 | 0.381373 | 5608 | 24711 | 0.226943 | 0.0412772
10037 | 259 | 95 | 0.366795 | 1703 | 17416 | 0.0977836 | 0.0148714
10038 | 622 | 208 | 0.334405 | 1095 | 20300 | 0.0539409 | 0.0306404
10039 | 322 | 116 | 0.360248 | 1491 | 24527 | 0.0607901 | 0.0131284
10040 | 491 | 204 | 0.415479 | 1283 | 41905 | 0.0306169 | 0.011717
10044 | 181 | 65 | 0.359116 | 409 | 11661 | 0.0350742 | 0.0155218
10065 | 885 | 347 | 0.39209 | 1879 | 32270 | 0.0582275 | 0.0274249
10069 | 243 | 111 | 0.45679 | 0 | 5199 | 0 | 0.0467398
10075 | 770 | 284 | 0.368831 | 1253 | 26121 | 0.0479691 | 0.0294782
10128 | 1918 | 782 | 0.407716 | 2437 | 60453 | 0.0403123 | 0.0317271
10280 | 290 | 117 | 0.403448 | 489 | 7853 | 0.0622692 | 0.0369286
10282 | 170 | 66 | 0.388235 | 0 | 4783 | 0 | 0.0355425
10301 | 685 | 321 | 0.468613 | 207 | 39706 | 0.00521332 | 0.0172518
10302 | 306 | 155 | 0.506536 | 744 | 19088 | 0.0389774 | 0.016031
10303 | 370 | 188 | 0.508108 | 325 | 26337 | 0.0123401 | 0.0140487
10304 | 690 | 307 | 0.444928 | 252 | 42193 | 0.00597255 | 0.0163534
10305 | 854 | 363 | 0.425059 | 258 | 41749 | 0.00617979 | 0.0204556
10306 | 1489 | 638 | 0.428475 | 154 | 55909 | 0.00275448 | 0.0266326
10307 | 341 | 158 | 0.463343 | 118 | 14096 | 0.00837117 | 0.0241913
10308 | 851 | 329 | 0.386604 | 189 | 27357 | 0.00690865 | 0.0311072
10309 | 876 | 353 | 0.402968 | 50 | 32519 | 0.00153756 | 0.0269381
10310 | 501 | 229 | 0.457086 | 636 | 24962 | 0.0254787 | 0.0200705
10312 | 1708 | 665 | 0.389344 | 107 | 59304 | 0.00180426 | 0.0288008
10314 | 1870 | 771 | 0.412299 | 96 | 85510 | 0.00112268 | 0.0218688
10451 | 362 | 116 | 0.320442 | 3743 | 45713 | 0.0818804 | 0.00791897
10452 | 339 | 122 | 0.359882 | 5124 | 75371 | 0.0679837 | 0.00449775
10453 | 346 | 135 | 0.390173 | 2621 | 78309 | 0.03347 | 0.00441839
10454 | 370 | 129 | 0.348649 | 2053 | 37337 | 0.0549857 | 0.00990974
10455 | 382 | 132 | 0.34555 | 3712 | 39665 | 0.0935838 | 0.00963066
10456 | 529 | 194 | 0.36673 | 3242 | 86547 | 0.0374594 | 0.00611229
10457 | 337 | 143 | 0.424332 | 2803 | 70496 | 0.0397611 | 0.00478041
10458 | 468 | 193 | 0.412393 | 3367 | 79492 | 0.0423565 | 0.00588738
10459 | 366 | 123 | 0.336066 | 3455 | 47308 | 0.073032 | 0.00773654
10460 | 418 | 150 | 0.358852 | 1836 | 57311 | 0.0320357 | 0.00729354
10461 | 816 | 359 | 0.439951 | 946 | 50502 | 0.0187319 | 0.0161578
10462 | 779 | 286 | 0.367137 | 1841 | 75784 | 0.0242927 | 0.0102792
10463 | 1011 | 418 | 0.413452 | 3416 | 67970 | 0.0502575 | 0.0148742
10464 | 151 | 79 | 0.523179 | 35 | 4534 | 0.00771945 | 0.0333039
10465 | 941 | 392 | 0.416578 | 597 | 42230 | 0.0141369 | 0.0222827
10466 | 351 | 146 | 0.415954 | 1223 | 67813 | 0.0180349 | 0.005176
10467 | 693 | 277 | 0.399711 | 1655 | 97060 | 0.0170513 | 0.00713991
10468 | 382 | 151 | 0.395288 | 3378 | 76103 | 0.0443872 | 0.00501951
10469 | 586 | 226 | 0.385666 | 745 | 66631 | 0.011181 | 0.00879471
10470 | 134 | 72 | 0.537313 | 0 | 15293 | 0 | 0.00876218
10471 | 448 | 168 | 0.375 | 362 | 22922 | 0.0157927 | 0.0195445
10472 | 535 | 211 | 0.394393 | 2721 | 66358 | 0.0410049 | 0.00806233
10473 | 793 | 288 | 0.363178 | 1446 | 58519 | 0.0247099 | 0.0135512
10474 | 87 | 35 | 0.402299 | 632 | 12281 | 0.0514616 | 0.00708411
10475 | 232 | 61 | 0.262931 | 2080 | 40931 | 0.0508172 | 0.00566808
10708 | 3 | 1 | 0.333333 | 0 | 21225 | 0 | 0.000141343
11001 | 56 | 21 | 0.375 | 0 | 26883 | 0 | 0.0020831
11003 | 7 | 2 | 0.285714 | 0 | 41356 | 0 | 0.000169262
11004 | 225 | 85 | 0.377778 | 245 | 14016 | 0.01748 | 0.0160531
11005 | 1 |  | 0 | 98 | 1806 | 0.0542636 | 0.00055371
11040 | 31 | 14 | 0.451613 | 0 | 40782 | 0 | 0.000760139
11101 | 685 | 282 | 0.411679 | 946 | 25484 | 0.0371213 | 0.0268796
11102 | 505 | 204 | 0.40396 | 1068 | 34133 | 0.0312894 | 0.0147951
11103 | 391 | 148 | 0.378517 | 1952 | 38780 | 0.0503352 | 0.0100825
11104 | 453 | 181 | 0.399558 | 1138 | 27232 | 0.0417891 | 0.0166348
11105 | 574 | 229 | 0.398955 | 767 | 36688 | 0.020906 | 0.0156454
11106 | 566 | 211 | 0.372792 | 1423 | 38875 | 0.0366045 | 0.0145595
11109 | 245 | 113 | 0.461224 | 0 | 3523 | 0 | 0.069543
11201 | 1851 | 808 | 0.436521 | 5607 | 51128 | 0.109666 | 0.0362033
11203 | 321 | 132 | 0.411215 | 1120 | 76174 | 0.0147032 | 0.00421404
11204 | 539 | 178 | 0.330241 | 969 | 78134 | 0.0124018 | 0.00689841
11205 | 610 | 299 | 0.490164 | 1749 | 40366 | 0.0433285 | 0.0151117
11206 | 985 | 390 | 0.395939 | 3811 | 81677 | 0.0466594 | 0.0120597
11207 | 610 | 300 | 0.491803 | 2006 | 93386 | 0.0214807 | 0.00653203
11208 | 618 | 256 | 0.414239 | 1735 | 94469 | 0.0183658 | 0.00654183
11209 | 1418 | 547 | 0.385755 | 1704 | 68853 | 0.0247484 | 0.0205946
11210 | 288 | 118 | 0.409722 | 0 | 62008 | 0 | 0.00464456
11211 | 1046 | 469 | 0.448375 | 3331 | 90117 | 0.0369631 | 0.0116071
11212 | 362 | 135 | 0.372928 | 2229 | 84500 | 0.0263787 | 0.00428402
11213 | 345 | 161 | 0.466667 | 2814 | 63767 | 0.0441294 | 0.00541032
11214 | 908 | 295 | 0.32489 | 1711 | 88630 | 0.019305 | 0.0102448
11215 | 1884 | 901 | 0.478238 | 1399 | 63488 | 0.0220357 | 0.0296749
11216 | 587 | 297 | 0.505963 | 3347 | 54316 | 0.0616209 | 0.0108071
11217 | 902 | 401 | 0.444568 | 4444 | 35881 | 0.123854 | 0.0251387
11218 | 1002 | 445 | 0.444112 | 1243 | 75220 | 0.0165249 | 0.0133209
11219 | 298 | 119 | 0.399329 | 1104 | 92221 | 0.0119712 | 0.00323137
11220 | 814 | 282 | 0.346437 | 1900 | 99598 | 0.0190767 | 0.00817285
11221 | 864 | 396 | 0.458333 | 2677 | 78895 | 0.0339312 | 0.0109513
11222 | 786 | 343 | 0.436387 | 1334 | 36934 | 0.0361185 | 0.0212812
11223 | 650 | 241 | 0.370769 | 862 | 78731 | 0.0109487 | 0.00825596
11224 | 606 | 199 | 0.328383 | 1357 | 47621 | 0.0284958 | 0.0127255
11225 | 484 | 249 | 0.514463 | 2513 | 56829 | 0.0442204 | 0.00851678
11226 | 713 | 344 | 0.482468 | 2977 | 101572 | 0.0293093 | 0.00701965
11228 | 663 | 244 | 0.368024 | 465 | 41788 | 0.0111276 | 0.0158658
11229 | 962 | 364 | 0.378378 | 876 | 80018 | 0.0109475 | 0.0120223
11230 | 546 | 193 | 0.35348 | 828 | 86408 | 0.00958245 | 0.00631886
11231 | 939 | 430 | 0.457934 | 1087 | 33336 | 0.0326074 | 0.0281677
11232 | 307 | 129 | 0.420195 | 856 | 28265 | 0.0302848 | 0.0108615
11233 | 495 | 205 | 0.414141 | 2086 | 67053 | 0.0311097 | 0.00738222
11234 | 1222 | 498 | 0.407529 | 187 | 87757 | 0.00213088 | 0.0139248
11235 | 876 | 340 | 0.388128 | 923 | 79132 | 0.0116641 | 0.0110701
11236 | 556 | 227 | 0.408273 | 1030 | 93877 | 0.0109718 | 0.00592264
11237 | 553 | 233 | 0.421338 | 2452 | 49896 | 0.0491422 | 0.0110831
11238 | 988 | 499 | 0.505061 | 1925 | 49262 | 0.0390768 | 0.020056
11239 | 207 | 35 | 0.169082 | 502 | 13393 | 0.0374823 | 0.0154558
11354 | 432 | 128 | 0.296296 | 1227 | 54878 | 0.0223587 | 0.00787201
11355 | 519 | 177 | 0.34104 | 1056 | 85871 | 0.0122975 | 0.00604395
11356 | 313 | 115 | 0.367412 | 710 | 23438 | 0.0302927 | 0.0133544
11357 | 679 | 252 | 0.371134 | 313 | 39150 | 0.00799489 | 0.0173436
11358 | 538 | 190 | 0.35316 | 333 | 37546 | 0.00886912 | 0.0143291
11360 | 262 | 79 | 0.301527 | 263 | 18884 | 0.0139271 | 0.0138742
11361 | 530 | 200 | 0.377358 | 582 | 28606 | 0.0203454 | 0.0185276
11362 | 194 | 62 | 0.319588 | 310 | 17823 | 0.0173933 | 0.0108848
11363 | 125 | 43 | 0.344 | 82 | 6988 | 0.0117344 | 0.0178878
11364 | 500 | 188 | 0.376 | 307 | 34555 | 0.00888439 | 0.0144697
11365 | 508 | 189 | 0.372047 | 278 | 42252 | 0.00657957 | 0.0120231
11366 | 198 | 81 | 0.409091 | 371 | 13532 | 0.0274165 | 0.014632
11367 | 362 | 107 | 0.29558 | 337 | 41047 | 0.0082101 | 0.00881916
11368 | 475 | 179 | 0.376842 | 955 | 109931 | 0.00868727 | 0.00432089
11369 | 306 | 122 | 0.398693 | 1011 | 38615 | 0.0261815 | 0.00792438
11370 | 312 | 113 | 0.362179 | 92 | 39688 | 0.00231808 | 0.00786132
11372 | 743 | 271 | 0.364738 | 2642 | 66636 | 0.0396482 | 0.0111501
11373 | 703 | 195 | 0.277383 | 1802 | 100820 | 0.0178734 | 0.00697282
11374 | 487 | 183 | 0.37577 | 1648 | 43600 | 0.0377982 | 0.0111697
11375 | 1044 | 378 | 0.362069 | 1140 | 68733 | 0.0165859 | 0.0151892
11377 | 935 | 345 | 0.368984 | 977 | 89830 | 0.0108761 | 0.0104085
11378 | 654 | 253 | 0.38685 | 315 | 34981 | 0.00900489 | 0.0186959
11379 | 862 | 324 | 0.37587 | 331 | 34821 | 0.00950576 | 0.0247552
11385 | 1301 | 534 | 0.410453 | 745 | 98592 | 0.00755639 | 0.0131958
11411 | 104 | 36 | 0.346154 | 505 | 18556 | 0.0272149 | 0.00560466
11412 | 193 | 96 | 0.497409 | 512 | 34882 | 0.0146781 | 0.00553294
11413 | 185 | 80 | 0.432432 | 467 | 38912 | 0.0120014 | 0.00475432
11414 | 467 | 171 | 0.366167 | 389 | 26148 | 0.0148769 | 0.0178599
11415 | 294 | 112 | 0.380952 | 644 | 19341 | 0.0332971 | 0.0152009
11416 | 210 | 85 | 0.404762 | 958 | 24861 | 0.0385343 | 0.00844697
11417 | 390 | 160 | 0.410256 | 916 | 28967 | 0.0316222 | 0.0134636
11418 | 377 | 170 | 0.450928 | 792 | 36256 | 0.0218447 | 0.0103983
11419 | 257 | 126 | 0.490272 | 1174 | 47211 | 0.0248671 | 0.00544365
11420 | 309 | 129 | 0.417476 | 682 | 44354 | 0.0153763 | 0.00696668
11421 | 494 | 196 | 0.396761 | 828 | 39127 | 0.0211619 | 0.0126256
11422 | 145 | 62 | 0.427586 | 496 | 30425 | 0.0163024 | 0.00476582
11423 | 174 | 78 | 0.448276 | 575 | 29987 | 0.019175 | 0.00580251
11426 | 240 | 96 | 0.4 | 242 | 17590 | 0.0137578 | 0.0136441
11427 | 176 | 70 | 0.397727 | 355 | 23593 | 0.0150468 | 0.00745984
11428 | 139 | 55 | 0.395683 | 409 | 19168 | 0.0213376 | 0.00725167
11429 | 129 | 54 | 0.418605 | 499 | 25105 | 0.0198765 | 0.00513842
11432 | 312 | 124 | 0.397436 | 793 | 60809 | 0.0130408 | 0.00513082
11433 | 162 | 68 | 0.419753 | 790 | 32687 | 0.0241686 | 0.0049561
11434 | 315 | 126 | 0.4 | 1544 | 59129 | 0.0261124 | 0.00532734
11435 | 344 | 127 | 0.369186 | 1427 | 53687 | 0.02658 | 0.00640751
11436 | 112 | 52 | 0.464286 | 673 | 17949 | 0.0374951 | 0.0062399
11590 | 3 |  | 0 | 0 | 45768 | 0 | 6.5548e-05
11691 | 259 | 108 | 0.416988 | 1089 | 60035 | 0.0181394 | 0.00431415
11692 | 165 | 63 | 0.381818 | 810 | 18540 | 0.0436893 | 0.00889968
11693 | 252 | 99 | 0.392857 | 18 | 11916 | 0.00151057 | 0.021148
11694 | 327 | 156 | 0.477064 | 288 | 20408 | 0.0141121 | 0.0160231
11697 | 59 | 28 | 0.474576 | 43 | 4079 | 0.0105418 | 0.0144643
11746 | 2 | 1 | 0.5 | 0 | 67094 | 0 | 2.98089e-05
11933 | 1 |  | 0 | 0 | 6844 | 0 | 0.000146113
12051 | 1 |  | 0 | 0 | 7070 | 0 | 0.000141443
12143 | 1 | 1 | 1 | 0 | 5137 | 0 | 0.000194666
28677 | 2 | 1 | 0.5 | 0 | 32940 | 0 | 6.07165e-05
10703 | 1 | 1 | 1 | 0 | 20301 | 0 | 4.92587e-05
11784 | 1 |  | 0 | 0 | 24655 | 0 | 4.05597e-05
10704 | 3 | 2 | 0.666667 | 0 | 30165 | 0 | 9.9453e-05
10705 | 3 |  | 0 | 0 | 38777 | 0 | 7.73654e-05
10707 | 2 | 1 | 0.5 | 0 | 10097 | 0 | 0.000198079
10950 | 1 | 1 | 1 | 0 | 47226 | 0 | 2.11748e-05
90036 | 2 | 1 | 0.5 | 0 | 36865 | 0 | 5.4252e-05
10512 | 1 | 1 | 1 | 0 | 25590 | 0 | 3.90778e-05
11096 | 2 |  | 0 | 0 | 8344 | 0 | 0.000239693
10533 | 1 | 1 | 1 | 0 | 7322 | 0 | 0.000136575
10550 | 1 | 1 | 1 | 0 | 37144 | 0 | 2.69222e-05
10552 | 1 | 1 | 1 | 0 | 19786 | 0 | 5.05408e-05
94109 | 1 | 1 | 1 | 0 | 55984 | 0 | 1.78622e-05
33401 | 1 |  | 0 | 0 | 24879 | 0 | 4.01945e-05
10801 | 1 | 1 | 1 | 0 | 40827 | 0 | 2.44936e-05
10803 | 1 |  | 0 | 0 | 12435 | 0 | 8.04182e-05
90802 | 1 | 1 | 1 | 0 | 39347 | 0 | 2.54149e-05
10570 | 1 |  | 0 | 0 | 12680 | 0 | 7.88644e-05
10805 | 3 | 1 | 0.333333 | 0 | 18414 | 0 | 0.00016292
10119 | 2 |  | 0 | 0 | 92 | 0 | 0.0217391
31539 | 2 |  | 0 | 0 | 14468 | 0 | 0.000138236
10577 | 1 |  | 0 | 0 | 6552 | 0 | 0.000152625
10591 | 1 | 1 | 1 | 0 | 22540 | 0 | 4.43656e-05
94608 | 1 |  | 0 | 0 | 28019 | 0 | 3.56901e-05
11713 | 1 |  | 0 | 0 | 10401 | 0 | 9.61446e-05
11714 | 1 | 1 | 1 | 0 | 22658 | 0 | 4.41345e-05
11501 | 1 | 1 | 1 | 0 | 19148 | 0 | 5.22248e-05
11716 | 1 | 1 | 1 | 0 | 10700 | 0 | 9.34579e-05
77005 | 1 | 1 | 1 | 0 | 25528 | 0 | 3.91727e-05
11944 | 2 | 1 | 0.5 | 0 | 4299 | 0 | 0.000465224
11731 | 1 | 1 | 1 | 0 | 30184 | 0 | 3.31301e-05
90403 | 1 | 1 | 1 | 0 | 24525 | 0 | 4.07747e-05
12083 | 1 |  | 0 | 0 | 3795 | 0 | 0.000263505
11520 | 2 | 2 | 1 | 0 | 43341 | 0 | 4.61457e-05
11963 | 1 | 1 | 1 | 0 | 6622 | 0 | 0.000151012
11509 | 1 | 1 | 1 | 0 | 2653 | 0 | 0.000376932
14432 | 2 |  | 0 | 0 | 5726 | 0 | 0.000349284
11020 | 1 | 1 | 1 | 0 | 5914 | 0 | 0.00016909
11021 | 3 | 1 | 0.333333 | 0 | 17729 | 0 | 0.000169214
12564 | 1 |  | 0 | 0 | 7338 | 0 | 0.000136277
11967 | 1 | 1 | 1 | 0 | 26583 | 0 | 3.7618e-05
11753 | 1 |  | 0 | 0 | 12014 | 0 | 8.32362e-05
11023 | 3 |  | 0 | 0 | 9027 | 0 | 0.000332336
11024 | 2 |  | 0 | 0 | 8002 | 0 | 0.000249938
10901 | 1 | 1 | 1 | 0 | 23465 | 0 | 4.26167e-05
12601 | 1 |  | 0 | 0 | 43398 | 0 | 2.30425e-05
11757 | 1 |  | 0 | 0 | 45700 | 0 | 2.18818e-05
13642 | 1 | 1 | 1 | 0 | 10088 | 0 | 9.91277e-05
11758 | 3 | 2 | 0.666667 | 0 | 53804 | 0 | 5.57579e-05
11772 | 1 |  | 0 | 0 | 44837 | 0 | 2.2303e-05
14228 | 1 | 1 | 1 | 0 | 20857 | 0 | 4.79455e-05
11545 | 2 | 1 | 0.5 | 0 | 12065 | 0 | 0.000165769
22314 | 1 |  | 0 | 0 | 29653 | 0 | 3.37234e-05
11548 | 1 |  | 0 | 0 | 2780 | 0 | 0.000359712
11563 | 2 | 1 | 0.5 | 0 | 22666 | 0 | 8.82379e-05
11791 | 1 | 1 | 1 | 0 | 25076 | 0 | 3.98788e-05
10940 | 1 |  | 0 | 0 | 48418 | 0 | 2.06535e-05
10927 | 1 | 1 | 1 | 0 | 11910 | 0 | 8.39631e-05
11580 | 7 | 1 | 0.142857 | 0 | 40113 | 0 | 0.000174507
11581 | 2 | 1 | 0.5 | 0 | 20844 | 0 | 9.59509e-05
11569 | 1 | 1 | 1 | 0 | 1398 | 0 | 0.000715308
10502 | 1 |  | 0 | 0 | 5487 | 0 | 0.000182249
12202 | 1 |  | 0 | 0 | 9628 | 0 | 0.000103864
10520 | 1 |  | 0 | 0 | 12810 | 0 | 7.8064e-05
91607 | 1 | 1 | 1 | 0 | 27927 | 0 | 3.58076e-05
10522 | 1 | 1 | 1 | 0 | 10875 | 0 | 9.1954e-05
10968 | 1 | 1 | 1 | 0 | 2353 | 0 | 0.000424989
10545 | 2 |  | 0 | 0 | 141 | 0 | 0.0141844
11704 | 1 | 1 | 1 | 0 | 40222 | 0 | 2.4862e-05
10603 | 1 | 1 | 1 | 0 | 17045 | 0 | 5.86682e-05
10583 | 1 | 1 | 1 | 0 | 38982 | 0 | 2.56529e-05
34746 | 1 |  | 0 | 0 | 35022 | 0 | 2.85535e-05
11706 | 1 | 1 | 1 | 0 | 62543 | 0 | 1.5989e-05
10606 | 1 | 1 | 1 | 0 | 16499 | 0 | 6.06097e-05
11721 | 1 |  | 0 | 0 | 6292 | 0 | 0.000158932
12533 | 2 |  | 0 | 0 | 25307 | 0 | 7.90295e-05
14420 | 1 | 1 | 1 | 0 | 20467 | 0 | 4.88591e-05
10162 | 6 | 1 | 0.166667 | 0 | 1685 | 0 | 0.00356083
11726 | 1 | 1 | 1 | 0 | 19857 | 0 | 5.03601e-05
11010 | 3 |  | 0 | 0 | 23821 | 0 | 0.000125939
11743 | 1 |  | 0 | 0 | 42230 | 0 | 2.36798e-05
11516 | 3 | 1 | 0.333333 | 0 | 7556 | 0 | 0.000397035
20854 | 1 |  | 0 | 0 | 49611 | 0 | 2.01568e-05
11518 | 2 | 2 | 1 | 0 | 10549 | 0 | 0.000189591
11973 | 1 | 1 | 1 | 0 | 9 | 0 | 0.111111
11030 | 1 |  | 0 | 0 | 17962 | 0 | 5.56731e-05
18705 | 1 | 1 | 1 | 0 | 14806 | 0 | 6.75402e-05
11978 | 2 |  | 0 | 0 | 3255 | 0 | 0.000614439
11550 | 2 |  | 0 | 0 | 56435 | 0 | 3.5439e-05
11552 | 2 |  | 0 | 0 | 23616 | 0 | 8.46883e-05
11553 | 1 |  | 0 | 0 | 26034 | 0 | 3.84113e-05
11050 | 3 |  | 0 | 0 | 30171 | 0 | 9.94332e-05
10701 | 1 |  | 0 | 0 | 63393 | 0 | 1.57746e-05
